#Kinovea Trajectory data export
#T X Y
0:00:00:00 -7,00 453,00 


0:00:00:00 1,00 -457,00 


0:00:00:00 -448,00 -8,00 


0:00:00:00 468,00 6,00 


0:00:00:00 -6,00 453,00 
0:00:00:04 -6,00 453,00 
0:00:00:08 -6,00 453,00 
0:00:00:12 -6,00 453,00 
0:00:00:16 -6,00 453,00 
0:00:00:20 -6,00 453,00 
0:00:00:24 -6,00 453,00 
0:00:00:28 -6,00 453,00 
0:00:00:32 -6,00 453,00 
0:00:00:36 -6,00 453,00 
0:00:00:40 -6,00 453,00 
0:00:00:44 -6,00 453,00 
0:00:00:48 -6,00 453,00 
0:00:00:52 -6,00 453,00 
0:00:00:56 -5,00 453,00 
0:00:00:60 -6,00 453,00 
0:00:00:64 -6,00 453,00 
0:00:00:68 -6,00 453,00 
0:00:00:72 -6,00 453,00 
0:00:00:76 -6,00 453,00 
0:00:00:80 -6,00 453,00 
0:00:00:84 -6,00 453,00 
0:00:00:88 -5,00 453,00 
0:00:00:92 -5,00 453,00 
0:00:00:96 -5,00 453,00 
0:00:01:00 -6,00 453,00 
0:00:01:04 -6,00 453,00 
0:00:01:08 -5,00 453,00 
0:00:01:12 -5,00 453,00 
0:00:01:16 -6,00 453,00 
0:00:01:20 -6,00 453,00 
0:00:01:24 -5,00 453,00 
0:00:01:28 -6,00 453,00 
0:00:01:32 -6,00 453,00 
0:00:01:36 -5,00 453,00 
0:00:01:40 -5,00 453,00 
0:00:01:44 -6,00 453,00 
0:00:01:48 -5,00 453,00 
0:00:01:52 -6,00 453,00 
0:00:01:56 -5,00 453,00 
0:00:01:60 -5,00 453,00 
0:00:01:64 -5,00 453,00 
0:00:01:68 -5,00 453,00 
0:00:01:72 -5,00 453,00 
0:00:01:76 -5,00 453,00 
0:00:01:80 -5,00 453,00 


0:00:00:00 1,00 -459,00 
0:00:00:04 1,00 -459,00 
0:00:00:08 1,00 -459,00 
0:00:00:12 1,00 -459,00 
0:00:00:16 1,00 -459,00 
0:00:00:20 1,00 -459,00 
0:00:00:24 1,00 -459,00 
0:00:00:28 1,00 -459,00 
0:00:00:32 1,00 -459,00 
0:00:00:36 1,00 -459,00 
0:00:00:40 1,00 -459,00 
0:00:00:44 1,00 -458,00 
0:00:00:48 1,00 -459,00 
0:00:00:52 1,00 -459,00 
0:00:00:56 1,00 -459,00 
0:00:00:60 1,00 -459,00 
0:00:00:64 1,00 -459,00 
0:00:00:68 1,00 -459,00 
0:00:00:72 1,00 -459,00 
0:00:00:76 1,00 -459,00 
0:00:00:80 1,00 -459,00 
0:00:00:84 1,00 -459,00 
0:00:00:88 1,00 -459,00 
0:00:00:92 1,00 -459,00 
0:00:00:96 1,00 -459,00 
0:00:01:00 1,00 -459,00 
0:00:01:04 1,00 -459,00 
0:00:01:08 1,00 -459,00 
0:00:01:12 1,00 -459,00 
0:00:01:16 1,00 -459,00 
0:00:01:20 1,00 -459,00 
0:00:01:24 1,00 -459,00 
0:00:01:28 1,00 -459,00 
0:00:01:32 1,00 -459,00 
0:00:01:36 1,00 -459,00 
0:00:01:40 1,00 -459,00 
0:00:01:44 1,00 -459,00 
0:00:01:48 1,00 -460,00 
0:00:01:52 1,00 -459,00 
0:00:01:56 0,00 -459,00 
0:00:01:60 1,00 -459,00 
0:00:01:64 1,00 -459,00 
0:00:01:68 0,00 -459,00 
0:00:01:72 1,00 -459,00 
0:00:01:76 1,00 -459,00 
0:00:01:80 1,00 -459,00 


0:00:00:00 -446,00 -8,00 
0:00:00:04 -446,00 -8,00 
0:00:00:08 -446,00 -8,00 
0:00:00:12 -446,00 -8,00 
0:00:00:16 -446,00 -8,00 
0:00:00:20 -446,00 -8,00 
0:00:00:24 -446,00 -8,00 
0:00:00:28 -446,00 -8,00 
0:00:00:32 -446,00 -8,00 
0:00:00:36 -446,00 -7,00 
0:00:00:40 -446,00 -7,00 
0:00:00:44 -446,00 -8,00 
0:00:00:48 -446,00 -8,00 
0:00:00:52 -446,00 -8,00 
0:00:00:56 -446,00 -7,00 
0:00:00:60 -446,00 -8,00 
0:00:00:64 -446,00 -8,00 
0:00:00:68 -446,00 -7,00 
0:00:00:72 -446,00 -8,00 
0:00:00:76 -446,00 -8,00 
0:00:00:80 -446,00 -7,00 
0:00:00:84 -446,00 -7,00 
0:00:00:88 -446,00 -8,00 
0:00:00:92 -446,00 -7,00 
0:00:00:96 -446,00 -8,00 
0:00:01:00 -446,00 -8,00 
0:00:01:04 -446,00 -8,00 
0:00:01:08 -446,00 -7,00 
0:00:01:12 -446,00 -8,00 
0:00:01:16 -446,00 -8,00 
0:00:01:20 -446,00 -8,00 
0:00:01:24 -446,00 -8,00 
0:00:01:28 -446,00 -8,00 
0:00:01:32 -446,00 -8,00 
0:00:01:36 -446,00 -8,00 
0:00:01:40 -446,00 -8,00 
0:00:01:44 -446,00 -8,00 
0:00:01:48 -446,00 -8,00 
0:00:01:52 -446,00 -8,00 
0:00:01:56 -446,00 -8,00 
0:00:01:60 -446,00 -8,00 
0:00:01:64 -446,00 -8,00 
0:00:01:68 -446,00 -8,00 
0:00:01:72 -446,00 -7,00 
0:00:01:76 -446,00 -8,00 
0:00:01:80 -446,00 -8,00 


0:00:00:00 468,00 5,00 
0:00:00:04 468,00 5,00 
0:00:00:08 468,00 5,00 
0:00:00:12 468,00 5,00 
0:00:00:16 468,00 5,00 
0:00:00:20 468,00 5,00 
0:00:00:24 468,00 5,00 
0:00:00:28 468,00 5,00 
0:00:00:32 468,00 5,00 
0:00:00:36 468,00 5,00 
0:00:00:40 468,00 5,00 
0:00:00:44 468,00 5,00 
0:00:00:48 468,00 5,00 
0:00:00:52 468,00 5,00 
0:00:00:56 469,00 5,00 
0:00:00:60 468,00 5,00 
0:00:00:64 468,00 5,00 
0:00:00:68 468,00 5,00 
0:00:00:72 468,00 5,00 
0:00:00:76 468,00 5,00 
0:00:00:80 468,00 5,00 
0:00:00:84 468,00 5,00 
0:00:00:88 468,00 5,00 
0:00:00:92 468,00 5,00 
0:00:00:96 468,00 4,00 
0:00:01:00 468,00 5,00 
0:00:01:04 468,00 5,00 
0:00:01:08 468,00 4,00 
0:00:01:12 469,00 5,00 
0:00:01:16 468,00 4,00 
0:00:01:20 468,00 5,00 
0:00:01:24 469,00 5,00 
0:00:01:28 468,00 4,00 
0:00:01:32 468,00 5,00 
0:00:01:36 469,00 4,00 
0:00:01:40 468,00 4,00 
0:00:01:44 468,00 4,00 
0:00:01:48 468,00 5,00 
0:00:01:52 468,00 4,00 
0:00:01:56 468,00 4,00 
0:00:01:60 469,00 5,00 
0:00:01:64 468,00 4,00 
0:00:01:68 468,00 4,00 
0:00:01:72 468,00 4,00 
0:00:01:76 468,00 4,00 
0:00:01:80 468,00 5,00 


