#Kinovea Trajectory data export
#T X Y
0:00:00:00 0,00 0,00 
0:00:00:04 -15,00 -3,00 
0:00:00:08 -30,00 -6,00 
0:00:00:12 -45,00 -9,00 
0:00:00:16 -61,00 -12,00 
0:00:00:20 -76,00 -14,00 
0:00:00:24 -91,00 -18,00 
0:00:00:28 -106,00 -21,00 
0:00:00:32 -121,00 -24,00 
0:00:00:36 -136,00 -27,00 
0:00:00:40 -151,00 -30,00 
0:00:00:44 -166,00 -33,00 
0:00:00:48 -181,00 -36,00 
0:00:00:52 -196,00 -39,00 
0:00:00:56 -211,00 -42,00 
0:00:00:60 -226,00 -45,00 
0:00:00:64 -240,00 -48,00 
0:00:00:68 -255,00 -51,00 
0:00:00:72 -271,00 -54,00 
0:00:00:76 -286,00 -58,00 
0:00:00:80 -300,00 -61,00 
0:00:00:84 -316,00 -64,00 
0:00:00:88 -331,00 -66,00 
0:00:00:92 -345,00 -69,00 
0:00:00:96 -360,00 -72,00 
0:00:01:00 -375,00 -76,00 
0:00:01:04 -390,00 -79,00 
0:00:01:08 -405,00 -81,00 
0:00:01:12 -419,00 -84,00 
0:00:01:16 -434,00 -87,00 
0:00:01:20 -449,00 -90,00 
0:00:01:24 -464,00 -94,00 
0:00:01:28 -478,00 -97,00 
0:00:01:32 -493,00 -99,00 
0:00:01:36 -508,00 -103,00 
0:00:01:40 -523,00 -106,00 
0:00:01:44 -537,00 -109,00 
0:00:01:48 -551,00 -112,00 
0:00:01:52 -566,00 -115,00 
0:00:01:56 -581,00 -118,00 
0:00:01:60 -595,00 -121,00 
0:00:01:64 -609,00 -124,00 
0:00:01:68 -624,00 -127,00 
0:00:01:72 -639,00 -130,00 
0:00:01:76 -653,00 -133,00 
0:00:01:80 -668,00 -136,00 
0:00:01:84 -682,00 -140,00 
0:00:01:88 -697,00 -143,00 
0:00:01:92 -711,00 -146,00 
0:00:01:96 -726,00 -149,00 
0:00:02:00 -740,00 -152,00 
0:00:02:04 -755,00 -155,00 
0:00:02:08 -769,00 -158,00 
0:00:02:12 -783,00 -161,00 
0:00:02:16 -797,00 -164,00 
0:00:02:20 -811,00 -167,00 
0:00:02:24 -826,00 -170,00 
0:00:02:28 -840,00 -174,00 
0:00:02:32 -854,00 -177,00 
0:00:02:36 -868,00 -180,00 
0:00:02:40 -882,00 -183,00 
0:00:02:44 -896,00 -186,00 
0:00:02:48 -911,00 -189,00 
0:00:02:52 -924,00 -192,00 
0:00:02:56 -939,00 -195,00 
0:00:02:60 -953,00 -199,00 
0:00:02:64 -967,00 -202,00 
0:00:02:68 -981,00 -205,00 
0:00:02:72 -995,00 -208,00 
0:00:02:76 -1009,00 -211,00 
0:00:02:80 -1023,00 -215,00 
0:00:02:84 -1037,00 -218,00 
0:00:02:88 -1051,00 -221,00 
0:00:02:92 -1065,00 -224,00 
0:00:02:96 -1079,00 -227,00 
0:00:03:00 -1093,00 -231,00 
0:00:03:04 -1106,00 -234,00 
0:00:03:08 -1120,00 -237,00 
0:00:03:12 -1134,00 -240,00 
0:00:03:16 -1148,00 -243,00 
0:00:03:20 -1162,00 -247,00 
0:00:03:24 -1175,00 -250,00 
0:00:03:28 -1189,00 -253,00 
0:00:03:32 -1203,00 -256,00 
0:00:03:36 -1217,00 -260,00 
0:00:03:40 -1231,00 -263,00 
0:00:03:44 -1244,00 -266,00 
0:00:03:48 -1258,00 -269,00 
0:00:03:52 -1272,00 -272,00 
0:00:03:56 -1285,00 -276,00 
0:00:03:60 -1299,00 -279,00 
0:00:03:64 -1312,00 -282,00 
0:00:03:68 -1326,00 -286,00 
0:00:03:72 -1339,00 -289,00 
0:00:03:76 -1353,00 -292,00 
0:00:03:80 -1366,00 -296,00 
0:00:03:84 -1380,00 -299,00 
0:00:03:88 -1394,00 -303,00 
0:00:03:92 -1407,00 -306,00 
0:00:03:96 -1420,00 -309,00 
0:00:04:00 -1434,00 -313,00 
0:00:04:04 -1448,00 -316,00 
0:00:04:08 -1461,00 -319,00 
0:00:04:12 -1475,00 -323,00 
0:00:04:16 -1488,00 -326,00 
0:00:04:20 -1501,00 -329,00 
0:00:04:24 -1515,00 -332,00 
0:00:04:28 -1528,00 -336,00 
0:00:04:32 -1541,00 -339,00 
0:00:04:36 -1555,00 -342,00 
0:00:04:40 -1568,00 -345,00 
0:00:04:44 -1582,00 -349,00 
0:00:04:48 -1595,00 -352,00 
0:00:04:52 -1608,00 -356,00 
0:00:04:56 -1621,00 -359,00 
0:00:04:60 -1635,00 -362,00 
0:00:04:64 -1648,00 -366,00 
0:00:04:68 -1661,00 -369,00 
0:00:04:72 -1675,00 -372,00 
0:00:04:76 -1688,00 -376,00 
0:00:04:80 -1701,00 -379,00 
0:00:04:84 -1715,00 -383,00 
0:00:04:88 -1728,00 -386,00 
0:00:04:92 -1741,00 -389,00 
0:00:04:96 -1754,00 -392,00 
0:00:05:00 -1767,00 -396,00 
0:00:05:04 -1781,00 -399,00 
0:00:05:08 -1794,00 -402,00 
0:00:05:12 -1808,00 -406,00 
0:00:05:16 -1821,00 -409,00 
0:00:05:20 -1834,00 -412,00 
0:00:05:24 -1836,00 -415,00 
0:00:05:28 -1836,00 -418,00 
0:00:05:32 -1834,00 -364,00 
0:00:05:36 -1834,00 -361,00 
0:00:05:40 -1834,00 -360,00 
0:00:05:44 -1834,00 -361,00 
0:00:05:48 -1834,00 -364,00 
0:00:05:52 -1835,00 -358,00 
0:00:05:56 -1836,00 -355,00 
0:00:05:60 -1835,00 -353,00 
0:00:05:64 -1833,00 -363,00 
0:00:05:68 -1834,00 -361,00 
0:00:05:72 -1834,00 -361,00 
0:00:05:76 -1834,00 -367,00 
0:00:05:80 -1834,00 -361,00 
0:00:05:84 -1835,00 -357,00 
0:00:05:88 -1834,00 -366,00 
0:00:05:92 -1834,00 -362,00 
0:00:05:96 -1836,00 -349,00 
0:00:06:00 -1834,00 -362,00 
0:00:06:04 -1835,00 -358,00 


